1 1 0.00000000 0.00000000 0.0
1 2 0.00024672 0.00354683 0.0
1 3 0.00098664 0.00708621 0.0
1 4 0.00221902 0.01061071 0.0
1 5 0.00394265 0.01411286 0.0
1 6 0.00615583 0.01758521 0.0
1 7 0.00885637 0.02102026 0.0
1 8 0.01204162 0.02441052 0.0
1 9 0.01570842 0.02774844 0.0
1 10 0.01985316 0.03102648 0.0
1 11 0.02447174 0.03423700 0.0
1 12 0.02955962 0.03737236 0.0
1 13 0.03511176 0.04042483 0.0
1 14 0.04112269 0.04338661 0.0
1 15 0.04758647 0.04624982 0.0
1 16 0.05449674 0.04900646 0.0
1 17 0.06184666 0.05164841 0.0
1 18 0.06962899 0.05416740 0.0
1 19 0.07783604 0.05655497 0.0
1 20 0.08645971 0.05880247 0.0
1 21 0.09549150 0.06090095 0.0
1 22 0.10492249 0.06284118 0.0
1 23 0.11474338 0.06461356 0.0
1 24 0.12494447 0.06620803 0.0
1 25 0.13551569 0.06761401 0.0
1 26 0.14644661 0.06882026 0.0
1 27 0.15772645 0.06981476 0.0
1 28 0.16934407 0.07058449 0.0
1 29 0.18128801 0.07111526 0.0
1 30 0.19354647 0.07139138 0.0
1 31 0.20610737 0.07142857 0.0
1 32 0.21895831 0.07142857 0.0
1 33 0.23208660 0.07142857 0.0
1 34 0.24547929 0.07142857 0.0
1 35 0.25912316 0.07142857 0.0
1 36 0.27300475 0.07142857 0.0
1 37 0.28711035 0.07142857 0.0
1 38 0.30142605 0.07142857 0.0
1 39 0.31593772 0.07142857 0.0
1 40 0.33063104 0.07142857 0.0
1 41 0.34549150 0.07142857 0.0
1 42 0.36050445 0.07142857 0.0
1 43 0.37565506 0.07142857 0.0
1 44 0.39092838 0.07142857 0.0
1 45 0.40630934 0.07142857 0.0
1 46 0.42178277 0.07142857 0.0
1 47 0.43733338 0.07142857 0.0
1 48 0.45294584 0.07142857 0.0
1 49 0.46860474 0.07142857 0.0
1 50 0.48429462 0.07142857 0.0
1 51 0.50000000 0.07142857 0.0
1 52 0.51570538 0.07142857 0.0
1 53 0.53139526 0.07142857 0.0
1 54 0.54705416 0.07142857 0.0
1 55 0.56266662 0.07142857 0.0
1 56 0.57821723 0.07142857 0.0
1 57 0.59369066 0.07142857 0.0
1 58 0.60907162 0.07142857 0.0
1 59 0.62434494 0.07142857 0.0
1 60 0.63949555 0.07142857 0.0
1 61 0.65450850 0.07142857 0.0
1 62 0.66936896 0.07142857 0.0
1 63 0.68406228 0.07142857 0.0
1 64 0.69857395 0.07142857 0.0
1 65 0.71288965 0.07123723 0.0
1 66 0.72699525 0.07060213 0.0
1 67 0.74087684 0.06956258 0.0
1 68 0.75452071 0.06815960 0.0
1 69 0.76791340 0.06643335 0.0
1 70 0.78104169 0.06442296 0.0
1 71 0.79389263 0.06216627 0.0
1 72 0.80645353 0.05969979 0.0
1 73 0.81871199 0.05705845 0.0
1 74 0.83065593 0.05427558 0.0
1 75 0.84227355 0.05138278 0.0
1 76 0.85355339 0.04840983 0.0
1 77 0.86448431 0.04538469 0.0
1 78 0.87505553 0.04233342 0.0
1 79 0.88525662 0.03928021 0.0
1 80 0.89507751 0.03624735 0.0
1 81 0.90450850 0.03325529 0.0
1 82 0.91354029 0.03032264 0.0
1 83 0.92216396 0.02746625 0.0
1 84 0.93037101 0.02470129 0.0
1 85 0.93815334 0.02204128 0.0
1 86 0.94550326 0.01949820 0.0
1 87 0.95241353 0.01708263 0.0
1 88 0.95887731 0.01480375 0.0
1 89 0.96488824 0.01266955 0.0
1 90 0.97044038 0.01068684 0.0
1 91 0.97552826 0.00886145 0.0
1 92 0.98014684 0.00719826 0.0
1 93 0.98429158 0.00570133 0.0
1 94 0.98795838 0.00437401 0.0
1 95 0.99114363 0.00321902 0.0
1 96 0.99384417 0.00223852 0.0
1 97 0.99605735 0.00143422 0.0
1 98 0.99778098 0.00080742 0.0
1 99 0.99901336 0.00035906 0.0
1 100 0.99975328 0.00008980 0.0
1 101 1.00000000 0.00000000 0.0
